#         t          x          y          z         vx         vy         vz
      0.000    -98.450   -120.030   -127.810    -27.700    174.120     92.490
      0.100   -100.836   -102.190   -117.628    -20.016    182.688    111.152
      0.200   -102.349    -83.474   -105.461    -10.248    191.614    132.177
      0.300   -102.737    -63.856    -91.058      2.486    200.762    155.885
      0.400   -101.635    -43.332    -74.147     19.555    209.714    182.350
      0.500    -98.505    -21.977    -54.493     43.050    217.381    210.714
      0.600    -92.570     -0.051    -32.088     75.649    221.139    237.398
      0.700    -82.865     21.798     -7.548    118.442    215.835    253.407
      0.800    -68.722     42.407     17.560    164.423    196.359    248.735
      0.900    -50.564     60.562     40.925    198.739    166.737    218.582
      1.000    -29.801     75.728     60.627    216.524    136.576    175.459
      1.100     -7.849     88.083     76.042    222.510    110.531    132.833
      1.200     14.364     98.060     87.462    221.757     89.008     95.559
      1.300     36.319    106.072     95.450    217.341     71.225     64.204
      1.400     57.733    112.450    100.565    210.938     56.347     38.096
      1.500     78.453    117.454    103.288    203.458     43.720     16.371
      1.600     98.396    121.283    104.020    195.414     32.861     -1.739
      1.700    117.522    124.097    103.090    187.106     23.419    -16.866
      1.800    135.813    126.024    100.770    178.713     15.133    -29.516
      1.900    153.266    127.171     97.290    170.347      7.805    -40.094
      2.000    169.888    127.626     92.839    162.078      1.285    -48.929
      2.100    185.689    127.463     87.578    153.950     -4.546    -56.289
      2.200    200.686    126.746     81.644    145.990     -9.783    -62.394
      2.300    214.896    125.532     75.153    138.214    -14.503    -67.427
      2.400    228.338    123.868     68.204    130.632    -18.770    -71.544
      2.500    241.032    121.798     60.883    123.244    -22.636    -74.875
      2.600    252.997    119.359     53.263    116.052    -26.147    -77.531
      2.700    264.252    116.585     45.406    109.052    -29.340    -79.606
      2.800    274.817    113.505     37.367    102.238    -32.248    -81.184
      2.900    284.709    110.148     29.191     95.605    -34.900    -82.334
      3.000    293.946    106.537     20.918     89.145    -37.319    -83.120
      3.100    302.546    102.695     12.582     82.850    -39.527    -83.596
      3.200    310.524     98.641      4.212     76.714    -41.542    -83.813
      3.300    317.896     94.395     -4.170     70.727    -43.381    -83.814
      3.400    324.677     89.973    -12.541     64.882    -45.058    -83.618
      3.500    330.880     85.391    -20.884     59.173    -46.585    -83.228
      3.600    336.518     80.663    -29.177     53.590    -47.974    -82.645
      3.700    341.604     75.803    -37.403     48.127    -49.235    -81.872
      3.800    346.149     70.822    -45.543     42.777    -50.375    -80.915
      3.900    350.164     65.733    -53.577     37.531    -51.404    -79.778
      4.000    353.660     60.546    -61.489     32.384    -52.328    -78.466
      4.100    356.646     55.272    -69.262     27.328    -53.152    -76.983
      4.200    359.130     49.921    -76.878     22.358    -53.882    -75.336
      4.300    361.121     44.500    -84.321     17.467    -54.524    -73.526
      4.400    362.627     39.020    -91.575     12.649    -55.080    -71.559
      4.500    363.654     33.489    -98.625      7.898    -55.554    -69.437
      4.600    364.210     27.913   -105.455      3.208    -55.950    -67.163
      4.700    364.299     22.302   -112.050     -1.426    -56.269    -64.739
      4.800    363.927     16.663   -118.395     -6.011    -56.514    -62.167
      4.900    363.099     11.003   -124.476    -10.552    -56.687    -59.448
      5.000    361.818      5.329   -130.278    -15.055    -56.789    -56.582
      5.100    360.089     -0.351   -135.785    -19.525    -56.819    -53.570
      5.200    357.915     -6.031   -140.984    -23.969    -56.780    -50.410
      5.300    355.297    -11.703   -145.860    -28.392    -56.670    -47.101
      5.400    352.237    -17.361   -150.397    -32.801    -56.489    -43.642
      5.500    348.737    -22.998   -154.580    -37.202    -56.236    -40.029
      5.600    344.797    -28.605   -158.395    -41.601    -55.908    -36.258
      5.700    340.416    -34.175   -161.824    -46.005    -55.505    -32.326
      5.800    335.595    -39.702   -164.852    -50.422    -55.022    -28.226
      5.900    330.331    -45.176   -167.460    -54.858    -54.457    -23.953
      6.000    324.622    -50.589   -169.633    -59.323    -53.804    -19.499
      6.100    318.465    -55.932   -171.351    -63.824    -53.058    -14.854
      6.200    311.855    -61.195   -172.594    -68.372    -52.213    -10.010
      6.300    304.787    -66.369   -173.342    -72.976    -51.261     -4.953
      6.400    297.256    -71.442   -173.573    -77.648    -50.191      0.329
      6.500    289.254    -76.401   -173.264    -82.400    -48.993      5.853
      6.600    280.771    -81.233   -172.390    -87.246    -47.653     11.637
      6.700    271.799    -85.924   -170.923    -92.202    -46.154     17.701
      6.800    262.324    -90.455   -168.834    -97.285    -44.475     24.069
      6.900    252.334    -94.808   -166.092   -102.516    -42.593     30.770
      7.000    241.813    -98.962   -162.662   -107.916    -40.475     37.835
      7.100    230.741   -102.890   -158.505   -113.513    -38.084     45.302
      7.200    219.099   -106.563   -153.579   -119.338    -35.372     53.215
      7.300    206.861   -109.945   -147.837   -125.426    -32.278     61.622
      7.400    193.998   -112.995   -141.227   -131.820    -28.722     70.581
      7.500    180.479   -115.661   -133.690   -138.569    -24.600     80.160
      7.600    166.264   -117.880   -125.161   -145.733    -19.776     90.431
      7.700    151.308   -119.572   -115.565   -153.378    -14.059    101.476
      7.800    135.560   -120.634   -104.823   -161.581     -7.190    113.374
      7.900    118.960   -120.934    -92.845   -170.424      1.202    126.190
      8.000    101.440   -120.291    -79.539   -179.977     11.658    139.931
      8.100     82.928   -118.459    -64.819   -190.260     24.974    154.465
      8.200     63.358   -115.093    -48.630   -201.140     42.344    169.310
      8.300     42.698   -109.701    -31.004   -212.066     65.504    183.212
      8.400     21.021   -101.591    -12.176   -221.470     96.687    193.353
      8.500     -1.336    -89.883      7.239   -225.664    137.483    194.948
      8.600    -23.546    -73.790     25.950   -218.537    184.368    179.272
      8.700    -44.302    -53.298     41.831   -196.595    225.468    138.334
      8.800    -62.382    -29.525     52.907   -164.993    250.002     83.198
      8.900    -77.221     -4.125     58.612   -131.794    258.004     30.899
      9.000    -88.890     21.518     59.624   -101.580    254.840    -10.671
      9.100    -97.758     46.531     57.047    -75.781    245.435    -40.855
      9.200   -104.265     70.454     51.922    -54.355    233.027    -61.658
      9.300   -108.819     93.081     45.065    -36.739    219.508    -75.472
      9.400   -111.770    114.352     37.075    -22.273    205.904    -84.324
      9.500   -113.401    134.284     28.372    -10.348    192.737    -89.736
      9.600   -113.941    152.933     19.246     -0.456    180.240    -92.798
      9.700   -113.574    170.369      9.892      7.809    168.494    -94.271
      9.800   -112.445    186.669      0.444     14.768    157.502    -94.691
      9.900   -110.673    201.906     -9.010     20.667    147.228    -94.393
     10.000   -108.355    216.148    -18.407     25.701    137.620    -93.537
