# t x y z vx vy vz
0.00 -377.77 611.47 -284.60 73.03 -72.14 49.53
0.07 -372.42 606.23 -281.09 74.91 -76.63 52.87
0.14 -367.22 600.88 -277.49 73.47 -75.61 50.52
0.21 -360.96 594.79 -273.71 70.54 -78.50 55.72
0.29 -356.48 589.85 -270.41 71.38 -80.13 50.24
0.36 -351.28 584.14 -266.96 71.88 -82.67 48.37
0.43 -346.16 578.31 -263.62 68.75 -81.69 45.40
0.50 -341.66 572.60 -260.52 68.57 -82.35 41.91
0.57 -336.53 566.22 -256.78 65.06 -82.21 44.29
0.64 -331.96 560.22 -253.51 63.83 -84.02 44.62
0.71 -327.76 554.33 -250.35 57.48 -82.54 43.83
0.79 -323.83 548.53 -247.26 52.42 -80.62 43.66
0.86 -320.26 543.01 -244.39 46.88 -76.36 41.70
0.93 -316.79 537.69 -241.54 45.49 -72.25 39.65
1.00 -314.21 532.80 -238.25 45.73 -68.40 41.55
1.07 -310.34 527.69 -235.12 42.26 -65.20 48.63
1.14 -307.19 523.02 -231.55 45.35 -62.34 49.02
1.21 -304.28 518.56 -227.63 47.57 -61.54 53.13
1.29 -300.39 514.02 -223.91 47.62 -61.29 58.75
1.36 -296.83 509.68 -219.79 52.39 -61.16 59.60
1.43 -292.96 505.27 -215.52 54.79 -62.49 62.58
1.50 -288.93 500.85 -211.06 59.11 -62.81 62.76
1.57 -284.72 496.35 -206.50 60.44 -63.56 63.42
1.64 -280.22 491.72 -201.83 63.59 -65.11 66.02
1.71 -275.57 487.01 -197.07 69.97 -68.26 66.91
1.79 -270.59 482.12 -192.13 73.80 -69.13 68.16
1.86 -265.43 477.27 -187.32 76.79 -71.91 69.45
1.93 -260.03 472.15 -182.15 77.98 -70.88 71.00
2.00 -254.42 467.03 -177.26 79.31 -73.36 71.51
2.07 -248.72 461.65 -172.15 81.62 -77.83 72.42
2.14 -242.65 456.01 -167.02 84.15 -81.33 75.25
2.21 -236.33 450.15 -161.76 85.92 -82.56 74.00
2.29 -230.09 444.39 -156.66 90.35 -84.26 71.72
2.36 -224.00 438.14 -151.06 92.43 -87.65 71.39
2.43 -217.60 431.70 -145.70 89.70 -91.72 71.34
2.50 -211.17 425.09 -140.46 91.22 -94.65 73.17
2.57 -204.66 418.26 -135.17 92.86 -96.49 73.94
2.64 -198.11 411.24 -129.78 91.24 -96.52 73.55
2.71 -191.41 404.20 -124.48 92.86 -98.86 73.13
2.79 -184.53 396.96 -119.11 94.00 -102.07 77.00
2.86 -177.80 389.60 -113.57 96.49 -104.21 77.36
2.93 -170.88 382.00 -107.94 95.87 -105.77 77.16
3.00 -163.83 374.14 -102.28 96.87 -111.34 79.59
3.07 -156.72 365.92 -96.37 97.67 -112.72 82.89
3.14 -149.33 357.47 -90.38 101.46 -118.95 83.56
3.21 -142.03 348.79 -84.31 102.80 -121.87 83.61
3.29 -134.46 339.75 -78.22 107.24 -130.06 87.43
3.36 -127.55 330.78 -71.81 112.22 -134.27 86.37
3.43 -118.78 320.12 -65.39 113.35 -144.92 88.24
3.50 -110.56 309.51 -59.23 119.24 -158.33 87.47
3.57 -102.06 297.83 -52.99 116.90 -169.72 90.32
3.64 -93.47 285.37 -46.92 122.84 -182.87 86.62
3.71 -84.41 271.68 -41.13 124.34 -200.69 82.37
3.79 -75.74 256.19 -34.92 122.87 -226.95 70.98
3.86 -66.47 239.15 -30.99 122.89 -260.23 53.36
3.93 -58.44 219.15 -28.24 96.06 -299.62 13.20
4.00 -53.56 197.83 -29.50 42.44 -285.15 -53.01
4.07 -51.60 179.82 -35.19 18.74 -232.69 -68.99
4.14 -50.68 165.34 -39.97 21.05 -186.38 -59.21
4.21 -49.46 153.34 -43.62 26.49 -159.82 -41.50
4.29 -48.08 142.94 -46.06 27.79 -135.99 -25.94
4.36 -46.69 133.95 -47.23 26.38 -115.34 -14.80
4.43 -45.55 126.32 -47.89 22.38 -99.88 -4.53
4.50 -44.46 119.92 -48.20 23.71 -83.05 0.21
4.57 -43.26 114.45 -48.19 19.62 -67.66 4.65
4.64 -41.89 108.94 -46.72 15.15 -54.54 9.11
4.71 -40.77 105.47 -45.96 14.99 -43.84 14.26
4.79 -39.78 102.89 -45.08 13.01 -32.74 14.93
4.86 -38.68 100.99 -43.94 16.40 -22.30 16.73
4.93 -37.54 99.91 -42.79 17.05 -11.47 17.53
5.00 -36.14 99.47 -41.60 19.41 -4.01 21.76
5.07 -34.73 99.49 -40.00 20.12 4.98 24.41
5.14 -33.12 100.17 -38.25 22.94 13.85 27.88
5.21 -31.28 101.39 -36.21 27.12 19.60 33.61
5.29 -29.41 103.10 -33.76 26.63 28.55 37.54
5.36 -27.22 105.52 -31.11 30.35 37.08 42.07
5.43 -24.99 108.52 -28.00 34.22 48.25 45.78
5.50 -22.45 112.28 -24.63 37.59 55.69 52.10
5.57 -19.75 116.90 -20.73 44.14 70.28 58.80
5.64 -16.60 122.55 -16.35 49.12 87.25 68.41
5.71 -13.01 129.65 -11.34 60.69 110.49 80.03
5.79 -8.30 138.71 -5.09 80.92 147.05 98.87
5.86 -0.52 150.71 3.24 197.12 148.43 134.21
5.93 10.50 156.78 9.18 119.87 20.56 64.17
6.00 17.62 157.90 12.18 50.90 -6.59 39.23
6.07 21.85 156.39 13.98 8.34 -21.28 22.19
6.14 23.81 152.80 15.35 -14.49 -50.91 8.27
6.21 24.17 147.13 16.03 -52.24 -116.10 -21.14
6.29 24.74 141.27 15.97 56.09 0.60 50.13
6.36 27.44 139.78 17.98 36.36 -8.43 50.78
6.43 29.54 138.31 20.05 29.27 -28.01 41.01
6.50 28.52 136.54 21.88 36.42 -34.52 31.42
6.57 32.84 134.26 24.29 37.70 -25.69 49.21
6.64 34.60 132.73 26.94 41.88 -26.81 43.33
6.71 37.11 131.14 29.79 42.45 -26.79 42.12
6.79 40.40 129.19 32.18 37.04 -34.54 31.06
6.86 43.39 127.02 34.24 39.42 -32.49 31.55
6.93 44.60 125.50 36.37 38.34 -33.92 27.06
7.00 47.02 123.26 38.29 40.85 -33.96 27.00
7.07 49.37 120.70 40.14 34.33 -34.88 14.83
7.14 52.07 118.26 41.99 34.54 -30.68 15.07
7.21 54.49 116.19 43.63 33.37 -27.95 14.37
7.29 56.97 114.18 45.27 34.42 -29.55 14.63
7.36 59.61 112.34 46.91 36.27 -25.13 18.95
7.43 62.11 110.67 48.49 34.51 -22.42 19.51
7.50 64.86 109.02 50.05 37.15 -22.66 22.68
7.57 67.46 107.51 51.56 35.68 -22.65 24.82
7.64 70.14 106.13 53.20 34.78 -21.15 20.91
7.71 72.69 104.51 54.68 31.69 -19.78 21.57
7.79 75.41 103.26 56.01 33.49 -16.18 20.10
7.86 78.07 101.99 57.49 32.38 -18.75 19.96
7.93 80.68 100.44 59.03 32.79 -20.70 16.59
8.00 83.34 99.14 60.69 34.06 -18.07 21.12
8.07 85.88 97.81 62.47 34.34 -18.67 22.32
8.14 88.07 96.59 64.28 33.07 -16.57 24.52
8.21 90.45 95.42 66.09 34.63 -15.84 25.97
8.29 92.71 94.13 68.16 35.67 -20.84 31.12
8.36 95.02 92.67 70.31 36.99 -20.31 35.55
8.43 97.38 91.17 72.27 37.49 -24.06 32.40
8.50 99.80 89.38 74.30 34.49 -28.39 32.64
8.57 102.49 87.42 76.40 35.90 -28.44 29.94
8.64 105.04 85.38 78.16 33.63 -33.61 23.44
8.71 107.53 83.17 79.98 29.52 -31.37 25.15
8.79 109.75 81.31 81.94 32.62 -28.08 23.34
8.86 112.20 79.29 83.65 32.08 -29.25 20.82
8.93 114.26 77.32 85.28 31.95 -27.37 21.86
9.00 116.45 75.36 87.06 32.24 -26.13 19.71
9.07 118.49 73.34 88.58 29.24 -24.53 21.67
9.14 120.55 71.40 90.33 30.61 -25.16 21.16
9.21 122.52 69.39 91.91 29.44 -25.18 18.72
9.29 124.43 67.27 93.26 31.41 -26.39 19.60
9.36 126.45 65.45 94.67 31.19 -26.46 21.87
9.43 128.45 63.67 96.07 27.18 -25.43 21.67
9.50 130.36 62.19 97.39 24.88 -20.84 19.92
9.57 132.28 60.76 98.87 25.18 -14.68 22.31
9.64 134.42 59.77 100.38 29.03 -13.31 23.10
9.71 136.66 58.72 102.18 31.62 -13.28 23.71
9.79 139.05 57.82 104.13 33.02 -14.51 25.27
9.86 141.66 56.96 106.26 33.91 -18.73 25.56
9.93 144.03 55.79 108.24 32.75 -20.22 30.21
10.00 146.47 54.78 110.56 36.62 -20.50 31.49
10.07 148.97 53.49 112.68 33.38 -19.29 31.89
10.14 151.46 52.21 114.81 31.24 -18.14 33.27
10.21 154.09 50.92 116.81 34.16 -19.14 30.51
10.29 156.72 49.38 118.96 34.41 -19.58 29.34
10.36 159.51 47.75 121.22 36.29 -19.91 28.17
10.43 162.14 46.03 123.13 34.84 -24.99 27.97
10.50 164.80 44.04 125.53 33.08 -31.67 25.70
10.57 167.00 41.99 127.56 31.94 -31.03 19.60
10.64 169.30 40.02 129.30 28.82 -29.80 19.38
10.71 171.18 38.08 130.85 31.24 -25.91 17.23
10.79 173.14 36.36 132.22 26.73 -22.14 19.97
10.86 174.72 34.55 133.60 28.29 -18.64 19.09
10.93 176.31 32.95 134.84 27.79 -16.86 21.51
11.00 178.07 31.56 136.16 30.22 -15.45 24.79
11.07 179.95 30.29 137.65 31.87 -16.82 26.64
11.14 181.80 28.86 139.15 29.80 -20.12 27.70
11.21 183.93 27.44 140.69 29.18 -18.62 29.48
11.29 186.17 26.22 142.41 29.19 -17.69 27.19
11.36 188.46 25.05 144.10 30.53 -20.36 27.87
11.43 190.85 23.61 145.87 31.77 -22.64 27.23
