#         t          x          y          z         vx         vy         vz
      0.000    -98.450   -120.030   -127.810    -27.700    174.120     92.490
      0.100   -100.829   -102.244   -118.115    -19.880    181.605    101.411
      0.200   -102.329    -83.702   -107.470    -10.117    189.231    111.488
      0.300   -102.723    -64.404    -95.750      2.233    196.733    122.910
      0.400   -101.709    -44.388    -82.813     18.057    203.582    135.840
      0.500    -98.879    -23.772    -68.506     38.538    208.748    150.293
      0.600    -93.698     -2.819    -52.699     65.073    210.300    165.850
      0.700    -85.509     17.940    -35.355     98.703    204.885    181.023
      0.800    -73.657     37.575    -16.688    138.345    187.812    192.329
      0.900    -57.842     54.755      2.650    177.954    155.790    194.417
      1.000    -38.587     68.186     21.521    207.144    112.838    183.009
      1.100    -17.210     77.279     38.795    220.391     69.005    162.474
      1.200      4.827     82.300     53.856    220.361     31.427    138.751
      1.300     26.457     83.963     66.580    212.244      1.841    115.724
      1.400     47.069     83.019     77.111    199.994    -20.728     94.898
      1.500     66.365     80.091     85.683    185.912    -37.826     76.535
      1.600     84.220     75.660     92.531    171.203    -50.805     60.430
      1.700    100.604     70.085     97.866    156.465    -60.686     46.261
      1.800    115.526     63.641    101.864    141.978    -68.207     33.714
      1.900    129.017     56.536    104.676    127.857    -73.895     22.518
      2.000    141.117     48.934    106.425    114.134    -78.131     12.451
      2.100    151.864     40.968    107.214    100.799    -81.188      3.335
      2.200    161.295     32.746    107.132     87.821    -83.269     -4.974
      2.300    169.444     24.356    106.254     75.162    -84.521    -12.590
      2.400    176.341     15.877    104.644     62.777    -85.055    -19.605
      2.500    182.011      7.377    102.359     50.625    -84.953    -26.096
      2.600    186.475     -1.085     99.448     38.661    -84.275    -32.123
      2.700    189.750     -9.452     95.955     26.843    -83.065    -37.737
      2.800    191.849    -17.673     91.919     15.128    -81.355    -42.981
      2.900    192.779    -25.699     87.376      3.470    -79.164    -47.891
      3.000    192.543    -33.482     82.356     -8.181    -76.498    -52.500
      3.100    191.140    -40.974     76.889    -19.878    -73.353    -56.832
      3.200    188.562    -48.127     71.002    -31.683    -69.708    -60.908
      3.300    184.795    -54.889     64.720    -43.665    -65.526    -64.743
      3.400    179.817    -61.203     58.066    -55.900    -60.750    -68.341
      3.500    173.598    -67.005     51.064    -68.476    -55.297    -71.698
      3.600    166.100    -72.223     43.739    -81.489    -49.053    -74.794
      3.700    157.273    -76.768     36.120    -95.051    -41.861    -77.591
      3.800    147.056    -80.537     28.239   -109.287    -33.508    -80.023
      3.900    135.374    -83.397     20.139   -124.341    -23.697    -81.982
      4.000    122.139    -85.183     11.875   -140.371    -12.013    -83.293
      4.100    107.243    -85.676      3.527   -157.536      2.144    -83.666
      4.200     90.569    -84.586     -4.777   -175.959     19.662    -82.430
      4.300     71.992    -81.510    -12.838   -195.565     41.853    -78.772
      4.400     51.425    -75.880    -20.332   -215.774     70.746    -71.118
      4.500     28.916    -66.877    -26.706   -234.416    109.315    -56.363
      4.600      4.964    -53.377    -30.961   -244.626    160.673    -28.736
      4.700    -18.686    -34.299    -31.443   -228.360    220.887     19.097
      4.800    -38.342    -10.284    -26.551   -164.767    259.421     78.742
      4.900    -50.670     15.107    -16.776    -81.799    248.400    116.753
      5.000    -55.606     38.087     -4.547    -16.914    211.196    127.826
      5.100    -55.094     57.109      8.006     27.146    169.251    123.247
      5.200    -50.909     72.042     19.796     56.561    129.416    112.542
      5.300    -44.261     83.148     30.371     76.390     92.692     98.971
      5.400    -35.962     90.720     39.511     89.597     58.752     83.822
      5.500    -26.588     95.009     47.082     97.884     27.033     67.594
      5.600    -16.583     96.211     52.983    102.222     -2.999     50.437
      5.700     -6.314     94.470     57.120    103.147    -31.831     32.306
      5.800      3.887     89.881     59.385    100.870    -59.948     12.995
      5.900     13.692     82.489     59.639     95.243    -87.879     -7.915
      6.000     22.734     72.287     57.687     85.590   -116.167    -31.126
      6.100     30.532     59.216     53.245     70.364   -145.255    -57.726
      6.200     36.369     43.196     45.890     46.386   -175.139    -89.365
      6.300     39.035     24.239     35.002      6.924   -204.005   -128.394
      6.400     36.234      2.941     19.765    -62.932   -221.946   -176.345
      6.500     23.886    -17.295      0.181   -184.031   -182.774   -215.347
      6.600      2.375    -29.040    -18.138   -246.203    -52.127   -151.030
      6.700    -20.530    -30.024    -29.479   -211.884     32.435    -75.788
      6.800    -38.941    -24.623    -34.268   -156.331     75.583    -19.983
      6.900    -51.630    -16.017    -34.175    -97.461     96.549     21.838
      7.000    -58.386     -6.013    -30.365    -37.647    103.529     54.366
      7.100    -59.069      4.135    -23.643     23.975     99.433     80.061
      7.200    -53.362     13.303    -14.639     90.169     83.931    100.032
      7.300    -40.530     20.046     -3.998    166.470     50.921    112.777
      7.400    -19.260     21.469      6.555    258.942    -22.457     98.296
      7.500      8.611     10.966     10.786    298.473   -187.598    -13.687
      7.600     29.264     -8.028      5.124    114.580   -192.292    -99.549
      7.700     34.923    -24.044     -4.671     -1.391   -128.017    -96.346
      7.800     31.136    -33.305    -12.930    -74.348    -57.205    -68.832
      7.900     21.254    -35.224    -17.827   -123.299     18.814    -29.120
      8.000      7.421    -28.920    -17.947   -153.356    107.269     26.724
      8.100     -7.322    -11.904    -10.261   -141.509    233.062    126.991
      8.200     -4.935     11.892      9.734    189.248    242.844    272.906
      8.300     12.802     30.972     31.653    165.499    138.758    165.477
      8.400     27.807     42.266     45.402    134.585     87.120    109.501
      8.500     39.885     49.232     54.403    106.993     52.197     70.520
      8.600     49.312     53.092     59.902     81.549     25.000     39.457
      8.700     56.236     54.444     62.507     56.930      2.042     12.659
      8.800     60.683     53.636     62.562     32.008    -18.192    -11.559
      8.900     62.609     50.925     60.306      6.502    -36.036    -33.578
      9.000     61.986     46.467     55.883    -18.952    -53.127    -54.866
      9.100     58.697     40.247     49.258    -46.843    -71.271    -77.643
      9.200     52.328     32.102     40.192    -80.522    -91.618   -103.673
      9.300     41.988     21.721     28.208   -126.291   -116.005   -136.010
      9.400     25.473      8.514     12.276   -203.996   -148.138   -182.639
      9.500    -11.359     -7.518    -11.833   -532.651   -172.498   -299.527
      9.600    -60.700    -23.136    -38.972   -454.180   -139.867   -243.258
      9.700   -104.445    -36.526    -62.271   -420.718   -127.925   -222.722
      9.800   -145.547    -48.989    -83.976   -401.310   -121.344   -211.378
      9.900   -185.031    -60.910   -104.745   -388.382   -117.076   -204.008
     10.000   -223.403    -72.466   -124.884   -379.051   -114.046   -198.770
     10.100   -260.953    -83.757   -144.564   -371.951   -111.768   -194.826
